# name: debug
# type: sparse matrix
# nnz: 3537
# rows: 357
# columns: 357

1 1 0
2 1 9.34372801e-310
3 1 1.14460668e-309
4 1 0
5 1 -4.671864e-310
6 1 -4.671864e-310
1 2 9.34372801e-310
2 2 9.343728e-310
3 2 2.1023388e-310
4 2 -4.94065646e-324
5 2 -4.671864e-310
6 2 0
1 3 1.14460668e-309
2 3 2.1023388e-310
3 3 3.04839126e-310
4 3 0
5 3 -6.7742028e-310
6 3 0
1 4 0
2 4 -4.94065646e-324
3 4 0
4 4 8.10267659e-322
5 4 4.67186401e-310
6 4 4.671864e-310
7 4 0
8 4 0
9 4 0
244 4 -8.10267659e-322
245 4 -3.23790862e-319
246 4 -3.23790862e-319
1 5 -4.671864e-310
2 5 -4.671864e-310
3 5 -6.7742028e-310
4 5 4.67186401e-310
5 5 4.671864e-310
6 5 5.48412867e-322
7 5 0
8 5 0
9 5 0
244 5 -5.92878775e-322
245 5 -5.92878775e-322
246 5 -8.74496193e-322
1 6 -4.671864e-310
2 6 0
3 6 0
4 6 4.671864e-310
5 6 5.48412867e-322
6 6 4.671864e-310
7 6 0
8 6 0
9 6 0
244 6 2.81617418e-322
245 6 -6.43125251e-320
246 6 -4.67186401e-310
4 7 0
5 7 0
6 7 0
7 7 0
8 7 0
9 7 0
10 7 0
11 7 0
12 7 0
4 8 0
5 8 0
6 8 0
7 8 0
8 8 0
9 8 0
10 8 0
11 8 0
12 8 0
4 9 0
5 9 0
6 9 0
7 9 0
8 9 0
9 9 0
10 9 0
11 9 0
12 9 0
7 10 0
8 10 0
9 10 0
10 10 6.94736464e-310
11 10 0
12 10 1.38947293e-310
13 10 0
14 10 0
15 10 0
250 10 -6.94736464e-310
251 10 0
252 10 -3.95252517e-323
7 11 0
8 11 0
9 11 0
10 11 0
11 11 0
12 11 8.25666697e-317
13 11 0
14 11 0
15 11 0
250 11 0
251 11 0
252 11 -8.25666697e-317
7 12 0
8 12 0
9 12 0
10 12 1.38947293e-310
11 12 8.25666697e-317
12 12 2.84684518e-311
13 12 0
14 12 0
15 12 0
250 12 -1.38947293e-310
251 12 0
252 12 -6.78993241e-313
10 13 0
11 13 0
12 13 0
13 13 4.67084951e-310
14 13 6.9480989e-310
15 13 3.35862167e-310
16 13 -4.67084951e-310
17 13 -6.9480989e-310
18 13 0
10 14 0
11 14 0
12 14 0
13 14 6.9480989e-310
14 14 1.01449193e-313
15 14 4.90392304e-314
16 14 -6.81990943e-314
17 14 -1.01449193e-313
18 14 0
10 15 0
11 15 0
12 15 0
13 15 3.35862167e-310
14 15 4.90392304e-314
15 15 -2.02076836e-310
16 15 -3.49650478e-310
17 15 1.74771754e-310
18 15 0
13 16 -4.67084951e-310
14 16 -6.81990943e-314
15 16 -3.49650478e-310
16 16 4.67084951e-310
17 16 6.9480989e-310
18 16 4.67186395e-310
19 16 0
20 16 0
21 16 0
256 16 -2.86558075e-322
257 16 0
258 16 -4.67186395e-310
13 17 -6.9480989e-310
14 17 -1.01449193e-313
15 17 1.74771754e-310
16 17 6.9480989e-310
17 17 1.01449205e-313
18 17 6.82139465e-314
19 17 0
20 17 0
21 17 0
256 17 -3.23790862e-319
257 17 -1.24603356e-320
258 17 -6.82138861e-314
13 18 0
14 18 0
15 18 0
16 18 4.67186395e-310
17 18 6.82139465e-314
18 18 1.8687456e-310
19 18 0
20 18 0
21 18 0
256 18 -4.67186395e-310
257 18 -6.82138821e-314
258 18 -9.34372804e-311
16 19 0
17 19 0
18 19 0
19 19 0
20 19 0
21 19 0
22 19 0
23 19 0
24 19 0
16 20 0
17 20 0
18 20 0
19 20 0
20 20 0
21 20 0
22 20 0
23 20 0
24 20 0
16 21 0
17 21 0
18 21 0
19 21 0
20 21 0
21 21 0
22 21 0
23 21 0
24 21 0
19 22 0
20 22 0
21 22 0
22 22 8.49423786e-312
23 22 -6.24198713e-311
24 22 4.09373898e-310
25 22 0
26 22 0
27 22 0
262 22 -8.49423786e-312
263 22 6.24198713e-311
264 22 -3.99924621e-310
19 23 0
20 23 0
21 23 0
22 23 -6.24198713e-311
23 23 4.58692163e-310
24 23 4.56477007e-310
25 23 0
26 23 0
27 23 0
262 23 6.24198713e-311
263 23 -4.58692163e-310
264 23 -5.25914977e-310
19 24 0
20 24 0
21 24 0
22 24 4.09373898e-310
23 24 4.56477007e-310
24 24 6.58529518e-310
25 24 0
26 24 0
27 24 0
262 24 5.35459006e-311
263 24 -3.93481828e-310
264 24 -7.18095784e-310
22 25 0
23 25 0
24 25 0
25 25 0
26 25 0
27 25 0
28 25 0
29 25 0
30 25 0
22 26 0
23 26 0
24 26 0
25 26 0
26 26 0
27 26 0
28 26 0
29 26 0
30 26 0
22 27 0
23 27 0
24 27 0
25 27 0
26 27 0
27 27 0
28 27 0
29 27 0
30 27 0
25 28 0
26 28 0
27 28 0
28 28 6.81811009e-314
29 28 -4.24860765e-313
30 28 -2.15148398e-314
31 28 0
32 28 0
33 28 0
268 28 -6.81811009e-314
269 28 4.24860765e-313
270 28 5.4347221e-323
25 29 0
26 29 0
27 29 0
28 29 -4.24860765e-313
29 29 2.64797351e-312
30 29 1.34092697e-313
31 29 0
32 29 0
33 29 0
268 29 4.24943332e-313
269 29 -2.64797351e-312
270 29 -3.50786609e-322
25 30 0
26 30 0
27 30 0
28 30 -2.15148398e-314
29 30 1.34092697e-313
30 30 6.79121262e-315
31 30 0
32 30 0
33 30 0
268 30 2.15215326e-314
269 30 -1.34108348e-313
270 30 -3.70549234e-322
28 31 0
29 31 0
30 31 0
31 31 0
32 31 0
33 31 6.32404027e-322
34 31 0
35 31 0
36 31 -6.32404027e-322
28 32 0
29 32 0
30 32 0
31 32 0
32 32 0
33 32 1.74405173e-321
34 32 0
35 32 0
36 32 -1.74405173e-321
28 33 0
29 33 0
30 33 0
31 33 6.32404027e-322
32 33 1.74405173e-321
33 33 6.94741691e-310
34 33 0
35 33 0
36 33 -6.94741691e-310
31 34 0
32 34 0
33 34 0
34 34 2.07458165e-320
35 34 -3.41893427e-321
36 34 5.97819431e-320
37 34 0
38 34 0
39 34 0
274 34 -2.07458165e-320
275 34 3.41893427e-321
276 34 -5.49055152e-320
31 35 0
32 35 0
33 35 0
34 35 -3.41893427e-321
35 35 1.38338381e-321
36 35 3.20416393e-319
37 35 0
38 35 0
39 35 0
274 35 3.02862241e-321
275 35 -1.38338381e-321
276 35 -3.19102179e-319
31 36 -6.32404027e-322
32 36 -1.74405173e-321
33 36 -6.94741691e-310
34 36 5.97819431e-320
35 36 3.20416393e-319
36 36 7.88178971e-310
37 36 0
38 36 0
39 36 0
274 36 -4.60420662e-310
275 36 7.9220873e-311
276 36 -8.15405942e-320
34 37 0
35 37 0
36 37 0
37 37 0
38 37 0
39 37 0
40 37 0
41 37 0
42 37 0
34 38 0
35 38 0
36 38 0
37 38 0
38 38 0
39 38 0
40 38 0
41 38 0
42 38 0
34 39 0
35 39 0
36 39 0
37 39 0
38 39 0
39 39 0
40 39 0
41 39 0
42 39 0
37 40 0
38 40 0
39 40 0
40 40 4.84905932e-310
41 40 4.71148842e-310
42 40 3.11283867e-310
43 40 0
44 40 0
45 40 0
280 40 -4.84905932e-310
281 40 -4.71148842e-310
282 40 0
37 41 0
38 41 0
39 41 0
40 41 4.71148842e-310
41 41 6.77016933e-310
42 41 4.00262798e-310
43 41 0
44 41 0
45 41 0
280 41 -4.71148841e-310
281 41 -6.77016933e-310
282 41 0
37 42 0
38 42 0
39 42 0
40 42 3.11283867e-310
41 42 4.00262798e-310
42 42 8.04088822e-310
43 42 0
44 42 0
45 42 0
280 42 -7.78386989e-310
281 42 -3.91442019e-310
282 42 -4.671864e-310
40 43 0
41 43 0
42 43 0
43 43 0
44 43 0
45 43 0
46 43 0
47 43 0
48 43 0
40 44 0
41 44 0
42 44 0
43 44 0
44 44 0
45 44 0
46 44 0
47 44 0
48 44 0
40 45 0
41 45 0
42 45 0
43 45 0
44 45 0
45 45 0
46 45 0
47 45 0
48 45 0
43 46 0
44 46 0
45 46 0
46 46 5.20214552e-94
47 46 5.63697561e-93
48 46 3.67960385e-93
49 46 -7.94238676e-312
50 46 -6.0394483e-311
51 46 0
286 46 -5.20214552e-94
287 46 -5.63697561e-93
288 46 -4.65209569e-310
43 47 0
44 47 0
45 47 0
46 47 5.63697561e-93
47 47 6.1081517e-92
48 47 3.98716973e-92
49 47 -6.03944829e-311
50 47 -4.59244013e-310
51 47 0
286 47 -5.63697561e-93
287 47 -6.1081517e-92
288 47 4.29323816e-311
43 48 0
44 48 0
45 48 0
46 48 3.67960385e-93
47 48 3.98716973e-92
48 48 2.60267316e-92
49 48 -5.88378636e-310
50 48 -8.90966718e-310
51 48 0
286 48 -3.67960385e-93
287 48 -3.98716973e-92
288 48 -9.34372801e-311
46 49 -7.94238676e-312
47 49 -6.03944829e-311
48 49 -5.88378636e-310
49 49 7.94238676e-312
50 49 6.0394483e-311
51 49 0
52 49 0
53 49 0
54 49 0
46 50 -6.0394483e-311
47 50 -4.59244013e-310
48 50 -8.90966718e-310
49 50 6.0394483e-311
50 50 4.59244013e-310
51 50 0
52 50 0
53 50 0
54 50 0
46 51 0
47 51 0
48 51 0
49 51 0
50 51 0
51 51 0
52 51 0
53 51 0
54 51 0
49 52 0
50 52 0
51 52 0
52 52 3.84783266e-319
53 52 2.16321702e-319
54 52 6.39691495e-319
55 52 0
56 52 0
57 52 0
292 52 -3.84783266e-319
293 52 -2.16321702e-319
294 52 -3.12056803e-319
49 53 0
50 53 0
51 53 0
52 53 2.16321702e-319
53 53 -6.00882638e-320
54 53 -1.77389329e-319
55 53 0
56 53 0
57 53 0
292 53 1.06876281e-319
293 53 6.00882638e-320
294 53 8.63873782e-320
49 54 0
50 54 0
51 54 0
52 54 6.39691495e-319
53 54 -1.77389329e-319
54 54 4.67186401e-310
55 54 0
56 54 0
57 54 0
292 54 -8.04882344e-320
293 54 -4.52514725e-320
294 54 -4.67186401e-310
52 55 0
53 55 0
54 55 0
55 55 0
56 55 0
57 55 0
58 55 0
59 55 0
60 55 0
52 56 0
53 56 0
54 56 0
55 56 0
56 56 0
57 56 0
58 56 0
59 56 0
60 56 0
52 57 0
53 57 0
54 57 0
55 57 0
56 57 0
57 57 0
58 57 0
59 57 0
60 57 0
55 58 0
56 58 0
57 58 0
58 58 7.91581322e-310
59 58 3.85743793e-310
60 58 6.73306245e-310
61 58 0
62 58 0
63 58 0
298 58 -7.91581322e-310
299 58 -3.85743793e-310
300 58 -2.01052851e-317
55 59 0
56 59 0
57 59 0
58 59 3.85743793e-310
59 59 3.70341542e-310
60 59 2.88560601e-310
61 59 0
62 59 0
63 59 0
298 59 8.1442607e-311
299 59 -3.70341542e-310
300 59 -8.00814108e-317
55 60 0
56 60 0
57 60 0
58 60 6.73306245e-310
59 60 2.88560601e-310
60 60 6.32306998e-310
61 60 0
62 60 0
63 60 0
298 60 -7.18714706e-310
299 60 -3.7349728e-310
300 60 -6.79117091e-313
58 61 0
59 61 0
60 61 0
61 61 0
62 61 0
63 61 0
64 61 0
65 61 0
66 61 0
58 62 0
59 62 0
60 62 0
61 62 0
62 62 0
63 62 0
64 62 0
65 62 0
66 62 0
58 63 0
59 63 0
60 63 0
61 63 0
62 63 0
63 63 0
64 63 0
65 63 0
66 63 0
61 64 0
62 64 0
63 64 0
64 64 1.64988331e-317
65 64 -3.43986289e-318
66 64 7.35635585e-318
67 64 0
68 64 0
69 64 0
304 64 -1.64988331e-317
305 64 3.43986289e-318
306 64 -6.63974821e-320
61 65 0
62 65 0
63 65 0
64 65 -3.43986289e-318
65 65 -1.64987985e-317
66 65 3.52773494e-317
67 65 0
68 65 0
69 65 0
304 65 -7.91264758e-317
305 65 1.64987985e-317
306 65 -3.16908527e-319
61 66 0
62 66 0
63 66 0
64 66 7.35635585e-318
65 66 3.52773494e-317
66 66 9.34666537e-310
67 66 0
68 66 0
69 66 -4.67186399e-310
304 66 -6.64817747e-313
305 66 1.38621712e-313
306 66 -4.67186401e-310
64 67 0
65 67 0
66 67 0
67 67 6.22474621e-310
68 67 5.96315146e-311
69 67 4.12024134e-312
70 67 -6.22474621e-310
71 67 -5.96315146e-311
72 67 2.82863425e-311
64 68 0
65 68 0
66 68 0
67 68 5.96315146e-311
68 68 7.22670697e-311
69 68 5.05888808e-310
70 68 -7.54373206e-310
71 68 -7.22670697e-311
72 68 -4.66615466e-310
64 69 0
65 69 0
66 69 -4.67186399e-310
67 69 4.12024134e-312
68 69 5.05888808e-310
69 69 1.17991085e-309
70 69 -8.01356473e-310
71 69 -7.67679493e-311
72 69 -6.71005122e-310
67 70 -6.22474621e-310
68 70 -7.54373206e-310
69 70 -8.01356473e-310
70 70 5.60188111e-94
71 70 -5.84762746e-93
72 70 -4.76897768e-93
73 70 0
74 70 0
75 70 0
310 70 -5.60188111e-94
311 70 5.84762746e-93
312 70 -5.87938119e-322
67 71 -5.96315146e-311
68 71 -7.22670697e-311
69 71 -7.67679493e-311
70 71 -5.84762746e-93
71 71 6.10415434e-92
72 71 4.97818577e-92
73 71 0
74 71 0
75 71 0
310 71 5.84762746e-93
311 71 -6.10415434e-92
312 71 -5.4347221e-323
67 72 2.82863425e-311
68 72 -4.66615466e-310
69 72 -6.71005122e-310
70 72 -4.76897768e-93
71 72 4.97818577e-92
72 72 4.05991267e-92
73 72 0
74 72 0
75 72 0
310 72 4.76897768e-93
311 72 -4.97818577e-92
312 72 -3.24215758e-319
70 73 0
71 73 0
72 73 0
73 73 0
74 73 0
75 73 0
76 73 0
77 73 0
78 73 0
70 74 0
71 74 0
72 74 0
73 74 0
74 74 0
75 74 0
76 74 0
77 74 0
78 74 0
70 75 0
71 75 0
72 75 0
73 75 0
74 75 0
75 75 0
76 75 0
77 75 0
78 75 0
73 76 0
74 76 0
75 76 0
76 76 2.91429866e-310
77 76 9.16551456e-311
78 76 6.28772477e-310
79 76 0
80 76 0
81 76 0
316 76 -2.91429866e-310
317 76 -9.16551456e-311
318 76 -4.45665368e-310
73 77 0
74 77 0
75 77 0
76 77 9.16551456e-311
77 77 1.75756534e-310
78 77 4.91285899e-310
79 77 0
80 77 0
81 77 0
316 77 -5.58841546e-310
317 77 -1.75756534e-310
318 77 -1.4016245e-310
73 78 0
74 78 0
75 78 0
76 78 6.28772477e-310
77 78 4.91285899e-310
78 78 1.08636272e-309
79 78 0
80 78 0
81 78 0
316 78 -1.28336931e-309
317 78 -4.03621642e-310
318 78 -2.80014186e-310
76 79 0
77 79 0
78 79 0
79 79 0
80 79 0
81 79 0
82 79 0
83 79 0
84 79 0
76 80 0
77 80 0
78 80 0
79 80 0
80 80 0
81 80 0
82 80 0
83 80 0
84 80 0
76 81 0
77 81 0
78 81 0
79 81 0
80 81 0
81 81 4.67186401e-310
82 81 0
83 81 0
84 81 -4.67186401e-310
79 82 0
80 82 0
81 82 0
82 82 2.7756343e-311
83 82 -3.08318012e-310
84 82 -1.79214979e-310
85 82 1.03043645e-310
86 82 9.85578193e-311
87 82 0
322 82 -1.30799988e-310
323 82 2.09760193e-310
324 82 -3.8225859e-320
79 83 0
80 83 0
81 83 0
82 83 -3.08318012e-310
83 83 9.06616458e-310
84 83 3.83259764e-310
85 83 -5.96183872e-310
86 83 -5.70230045e-310
87 83 0
322 83 2.09760194e-310
323 83 -3.36386413e-310
324 83 -2.43030891e-320
79 84 0
80 84 0
81 84 -4.67186401e-310
82 84 -1.79214979e-310
83 84 3.83259764e-310
84 84 1.1889182e-309
85 84 -3.04749317e-310
86 84 -2.91482587e-310
87 84 0
322 84 1.56293834e-310
323 84 -2.50643943e-310
324 84 -4.67186401e-310
82 85 1.03043645e-310
83 85 -5.96183872e-310
84 85 -3.04749317e-310
85 85 -1.03043645e-310
86 85 -9.85578193e-311
87 85 0
88 85 0
89 85 0
90 85 0
82 86 9.85578193e-311
83 86 -5.70230045e-310
84 86 -2.91482587e-310
85 86 -9.85578193e-311
86 86 5.70230045e-310
87 86 0
88 86 0
89 86 0
90 86 0
82 87 0
83 87 0
84 87 0
85 87 0
86 87 0
87 87 0
88 87 0
89 87 0
90 87 0
85 88 0
86 88 0
87 88 0
88 88 2.98069804e-320
89 88 -3.48904218e-319
90 88 5.62333952e-311
91 88 0
92 88 0
93 88 0
328 88 -2.98069804e-320
329 88 3.48904218e-319
330 88 -5.62333954e-311
85 89 0
86 89 0
87 89 0
88 89 -3.48904218e-319
89 89 2.93993763e-319
90 89 -6.58303934e-310
91 89 0
92 89 0
93 89 0
328 89 2.51133568e-320
329 89 -2.93993763e-319
330 89 6.58303934e-310
85 90 0
86 90 0
87 90 0
88 90 5.62333952e-311
89 90 -6.58303934e-310
90 90 2.46363224e-311
91 90 0
92 90 0
93 90 0
328 90 1.00147106e-320
329 90 -1.19534242e-319
330 90 -2.46363223e-311
88 91 0
89 91 0
90 91 0
91 91 0
92 91 0
93 91 0
94 91 0
95 91 0
96 91 0
88 92 0
89 92 0
90 92 0
91 92 0
92 92 0
93 92 0
94 92 0
95 92 0
96 92 0
88 93 0
89 93 0
90 93 0
91 93 0
92 93 0
93 93 0
94 93 0
95 93 0
96 93 0
91 94 0
92 94 0
93 94 0
94 94 -5.72838555e-311
95 94 -7.69978465e-311
96 94 -3.65854828e-311
97 94 0
98 94 0
99 94 0
334 94 5.72838555e-311
335 94 7.69978465e-311
336 94 3.37216011e-313
91 95 0
92 95 0
93 95 0
94 95 -7.69978465e-311
95 95 5.24470256e-310
96 95 2.4630933e-310
97 95 0
98 95 0
99 95 0
334 95 -3.90188554e-310
335 95 -5.24470256e-310
336 95 5.95469093e-313
91 96 0
92 96 0
93 96 0
94 96 -3.65854828e-311
95 96 2.4630933e-310
96 96 -4.54336207e-311
97 96 0
98 96 0
99 96 0
334 96 7.13450674e-311
335 96 9.58983018e-311
336 96 2.87581746e-313
94 97 0
95 97 0
96 97 0
97 97 0
98 97 0
99 97 0
100 97 0
101 97 0
102 97 0
94 98 0
95 98 0
96 98 0
97 98 0
98 98 0
99 98 0
100 98 0
101 98 0
102 98 0
94 99 0
95 99 0
96 99 0
97 99 0
98 99 0
99 99 0
100 99 0
101 99 0
102 99 0
97 100 0
98 100 0
99 100 0
100 100 9.29664108e-310
101 100 4.66654651e-311
102 100 4.13685497e-310
103 100 -4.62477708e-310
104 100 -4.66654651e-311
105 100 -7.38134157e-310
340 100 -4.67186401e-310
341 100 1.08694442e-322
342 100 2.73613555e-320
97 101 0
98 101 0
99 101 0
100 101 4.66654651e-311
101 101 4.71895094e-310
102 101 -3.17553484e-310
103 101 -4.66654651e-311
104 101 -4.7086932e-312
105 101 3.95078621e-310
340 101 4.94065646e-322
341 101 -4.67186401e-310
342 101 3.22634748e-319
97 102 0
98 102 0
99 102 0
100 102 4.13685497e-310
101 102 -3.17553484e-310
102 102 -2.22234515e-310
103 102 1.99782534e-310
104 102 2.01586903e-311
105 102 3.6222833e-310
340 102 1.24666125e-310
341 102 -9.7683827e-311
342 102 5.98264091e-320
100 103 -4.62477708e-310
101 103 -4.66654651e-311
102 103 1.99782534e-310
103 103 4.62477708e-310
104 103 4.66654651e-311
105 103 7.38134157e-310
106 103 0
107 103 0
108 103 0
100 104 -4.66654651e-311
101 104 -4.7086932e-312
102 104 2.01586903e-311
103 104 4.66654651e-311
104 104 4.7086932e-312
105 104 -3.95078621e-310
106 104 0
107 104 0
108 104 0
100 105 -7.38134157e-310
101 105 3.95078621e-310
102 105 3.6222833e-310
103 105 7.38134157e-310
104 105 -3.95078621e-310
105 105 0
106 105 0
107 105 0
108 105 0
103 106 0
104 106 0
105 106 0
106 106 5.6186432e-310
107 106 1.96584574e-310
108 106 -2.181355e-311
109 106 0
110 106 0
111 106 0
346 106 -5.6186432e-310
347 106 -1.96584574e-310
348 106 -2.29435847e-310
103 107 0
104 107 0
105 107 0
106 107 1.96584574e-310
107 107 -9.46779188e-311
108 107 -5.34752263e-310
109 107 0
110 107 0
111 107 0
346 107 2.70601825e-310
347 107 9.46779188e-311
348 107 6.55757536e-310
103 108 0
104 108 0
105 108 0
106 108 -2.181355e-311
107 108 -5.34752263e-310
108 108 3.46823579e-310
109 108 0
110 108 0
111 108 0
346 108 -6.19756894e-310
347 108 2.78116484e-310
348 108 -3.31826169e-310
106 109 0
107 109 0
108 109 0
109 109 0
110 109 0
111 109 0
112 109 0
113 109 0
114 109 0
106 110 0
107 110 0
108 110 0
109 110 0
110 110 0
111 110 0
112 110 0
113 110 0
114 110 0
106 111 0
107 111 0
108 111 0
109 111 0
110 111 0
111 111 0
112 111 0
113 111 0
114 111 0
109 112 0
110 112 0
111 112 0
112 112 6.19025333e-310
113 112 3.75431299e-310
114 112 -4.78996817e-310
115 112 0
116 112 0
117 112 0
352 112 -6.19025333e-310
353 112 -3.75431299e-310
354 112 -2.77032489e-319
109 113 0
110 113 0
111 113 0
112 113 3.75431299e-310
113 113 -6.19025333e-310
114 113 7.89788032e-310
115 113 0
116 113 0
117 113 0
352 113 1.02067209e-309
353 113 6.19025333e-310
354 113 -1.6761177e-319
109 114 0
110 114 0
111 114 0
112 114 -4.78996817e-310
113 114 7.89788032e-310
114 114 -2.60743101e-310
115 114 0
116 114 0
117 114 0
352 114 -9.41774217e-310
353 114 -5.70380578e-310
354 114 -4.671864e-310
112 115 0
113 115 0
114 115 0
115 115 0
116 115 0
117 115 0
118 115 0
119 115 0
120 115 0
112 116 0
113 116 0
114 116 0
115 116 0
116 116 0
117 116 0
118 116 0
119 116 0
120 116 0
112 117 0
113 117 0
114 117 0
115 117 0
116 117 0
117 117 1.02765654e-321
118 117 0
119 117 0
120 117 -1.02765654e-321
115 118 0
116 118 0
117 118 0
118 118 5.82126161e-310
119 118 -5.7922654e-310
120 118 4.31599744e-310
121 118 -5.82126161e-310
122 118 5.7922654e-310
123 118 0
115 119 0
116 119 0
117 119 0
118 119 -5.7922654e-310
119 119 -1.1493976e-310
120 119 8.56451972e-311
121 119 -1.15515152e-310
122 119 1.1493976e-310
123 119 0
115 120 0
116 120 0
117 120 -1.02765654e-321
118 120 4.31599744e-310
119 120 8.56451972e-311
120 120 -2.77310831e-309
121 120 3.74026842e-309
122 120 -3.72163781e-309
123 120 0
118 121 -5.82126161e-310
119 121 -1.15515152e-310
120 121 3.74026842e-309
121 121 5.82126161e-310
122 121 -5.7922654e-310
123 121 0
124 121 0
125 121 0
126 121 0
118 122 5.7922654e-310
119 122 1.1493976e-310
120 122 -3.72163781e-309
121 122 -5.7922654e-310
122 122 -1.1493976e-310
123 122 0
124 122 0
125 122 0
126 122 0
118 123 0
119 123 0
120 123 0
121 123 0
122 123 0
123 123 0
124 123 0
125 123 0
126 123 0
121 124 0
122 124 0
123 124 0
124 124 0
125 124 0
126 124 0
127 124 0
128 124 0
129 124 0
121 125 0
122 125 0
123 125 0
124 125 0
125 125 0
126 125 0
127 125 0
128 125 0
129 125 0
121 126 0
122 126 0
123 126 0
124 126 0
125 126 0
126 126 0
127 126 0
128 126 0
129 126 0
124 127 0
125 127 0
126 127 0
127 127 0
128 127 0
129 127 0
130 127 0
131 127 0
132 127 0
124 128 0
125 128 0
126 128 0
127 128 0
128 128 0
129 128 0
130 128 0
131 128 0
132 128 0
124 129 0
125 129 0
126 129 0
127 129 0
128 129 0
129 129 0
130 129 0
131 129 0
132 129 0
127 130 0
128 130 0
129 130 0
130 130 0
131 130 0
132 130 0
133 130 0
134 130 0
135 130 0
127 131 0
128 131 0
129 131 0
130 131 0
131 131 0
132 131 0
133 131 0
134 131 0
135 131 0
127 132 0
128 132 0
129 132 0
130 132 0
131 132 0
132 132 0
133 132 0
134 132 0
135 132 0
130 133 0
131 133 0
132 133 0
133 133 0
134 133 0
135 133 0
136 133 0
137 133 0
138 133 0
130 134 0
131 134 0
132 134 0
133 134 0
134 134 0
135 134 0
136 134 0
137 134 0
138 134 0
130 135 0
131 135 0
132 135 0
133 135 0
134 135 0
135 135 0
136 135 0
137 135 0
138 135 0
133 136 0
134 136 0
135 136 0
136 136 0
137 136 0
138 136 -6.31315273e-311
139 136 0
140 136 0
141 136 6.31315273e-311
133 137 0
134 137 0
135 137 0
136 137 0
137 137 0
138 137 8.34831457e-310
139 137 0
140 137 0
141 137 -8.34831457e-310
133 138 0
134 138 0
135 138 0
136 138 -6.31315273e-311
137 138 8.34831457e-310
138 138 -4.71377083e-310
139 138 3.23118932e-321
140 138 -4.10074486e-321
141 138 4.71377083e-310
136 139 0
137 139 0
138 139 3.23118932e-321
139 139 0
140 139 0
141 139 -6.31315273e-311
142 139 0
143 139 0
144 139 0
136 140 0
137 140 0
138 140 -4.10074486e-321
139 140 0
140 140 0
141 140 8.34831457e-310
142 140 0
143 140 0
144 140 0
136 141 6.31315273e-311
137 141 -8.34831457e-310
138 141 4.71377083e-310
139 141 -6.31315273e-311
140 141 8.34831457e-310
141 141 0
142 141 0
143 141 0
144 141 0
139 142 0
140 142 0
141 142 0
142 142 0
143 142 0
144 142 0
145 142 0
146 142 0
147 142 0
139 143 0
140 143 0
141 143 0
142 143 0
143 143 0
144 143 0
145 143 0
146 143 0
147 143 0
139 144 0
140 144 0
141 144 0
142 144 0
143 144 0
144 144 0
145 144 0
146 144 0
147 144 0
142 145 0
143 145 0
144 145 0
145 145 0
146 145 0
147 145 0
148 145 0
149 145 0
150 145 0
142 146 0
143 146 0
144 146 0
145 146 0
146 146 0
147 146 0
148 146 0
149 146 0
150 146 0
142 147 0
143 147 0
144 147 0
145 147 0
146 147 0
147 147 0
148 147 0
149 147 0
150 147 0
145 148 0
146 148 0
147 148 0
148 148 0
149 148 0
150 148 0
151 148 0
152 148 0
153 148 0
145 149 0
146 149 0
147 149 0
148 149 0
149 149 0
150 149 0
151 149 0
152 149 0
153 149 0
145 150 0
146 150 0
147 150 0
148 150 0
149 150 0
150 150 0
151 150 0
152 150 0
153 150 0
148 151 0
149 151 0
150 151 0
151 151 0
152 151 0
153 151 0
154 151 0
155 151 0
156 151 0
148 152 0
149 152 0
150 152 0
151 152 0
152 152 0
153 152 0
154 152 0
155 152 0
156 152 0
148 153 0
149 153 0
150 153 0
151 153 0
152 153 0
153 153 0
154 153 0
155 153 0
156 153 0
151 154 0
152 154 0
153 154 0
154 154 9.86710009e-311
155 154 4.88971038e-311
156 154 -7.73064869e-312
157 154 -9.86710009e-311
158 154 -4.88971038e-311
159 154 0
151 155 0
152 155 0
153 155 0
154 155 4.88971038e-311
155 155 3.685154e-310
156 155 -5.82624097e-311
157 155 -7.43638795e-310
158 155 -3.685154e-310
159 155 0
151 156 0
152 156 0
153 156 0
154 156 -7.73064869e-312
155 156 -5.82624097e-311
156 156 1.54318636e-311
157 156 1.9696632e-310
158 156 9.76080361e-311
159 156 0
154 157 -9.86710009e-311
155 157 -7.43638795e-310
156 157 1.9696632e-310
157 157 9.86710009e-311
158 157 4.88971038e-311
159 157 0
160 157 0
161 157 0
162 157 0
154 158 -4.88971038e-311
155 158 -3.685154e-310
156 158 9.76080361e-311
157 158 4.88971038e-311
158 158 3.685154e-310
159 158 0
160 158 0
161 158 0
162 158 0
154 159 0
155 159 0
156 159 0
157 159 0
158 159 0
159 159 0
160 159 0
161 159 0
162 159 0
157 160 0
158 160 0
159 160 0
160 160 0
161 160 0
162 160 0
163 160 0
164 160 0
165 160 0
157 161 0
158 161 0
159 161 0
160 161 0
161 161 0
162 161 0
163 161 0
164 161 0
165 161 0
157 162 0
158 162 0
159 162 0
160 162 0
161 162 0
162 162 0
163 162 0
164 162 0
165 162 0
160 163 0
161 163 0
162 163 0
163 163 0
164 163 0
165 163 0
166 163 0
167 163 0
168 163 0
160 164 0
161 164 0
162 164 0
163 164 0
164 164 0
165 164 0
166 164 0
167 164 0
168 164 0
160 165 0
161 165 0
162 165 0
163 165 0
164 165 0
165 165 0
166 165 0
167 165 0
168 165 0
163 166 0
164 166 0
165 166 0
166 166 0
167 166 0
168 166 0
169 166 0
170 166 0
171 166 0
163 167 0
164 167 0
165 167 0
166 167 0
167 167 0
168 167 0
169 167 0
170 167 0
171 167 0
163 168 0
164 168 0
165 168 0
166 168 0
167 168 0
168 168 0
169 168 0
170 168 0
171 168 0
166 169 0
167 169 0
168 169 0
169 169 0
170 169 0
171 169 0
172 169 0
173 169 0
174 169 0
166 170 0
167 170 0
168 170 0
169 170 0
170 170 0
171 170 0
172 170 0
173 170 0
174 170 0
166 171 0
167 171 0
168 171 0
169 171 0
170 171 0
171 171 0
172 171 0
173 171 0
174 171 0
169 172 0
170 172 0
171 172 0
172 172 9.88131292e-324
173 172 -5.4347221e-323
174 172 2.97462666e-310
175 172 -9.88131292e-324
176 172 5.4347221e-323
177 172 -2.97462666e-310
169 173 0
170 173 0
171 173 0
172 173 -5.4347221e-323
173 173 2.27270197e-322
174 173 7.82588725e-310
175 173 5.4347221e-323
176 173 -2.27270197e-322
177 173 -7.82588725e-310
169 174 0
170 174 0
171 174 0
172 174 2.97462666e-310
173 174 7.82588725e-310
174 174 -2.60971564e-310
175 174 1.46737497e-321
176 174 -6.30427764e-321
177 174 2.60971564e-310
172 175 -9.88131292e-324
173 175 5.4347221e-323
174 175 1.46737497e-321
175 175 9.88131292e-324
176 175 -5.4347221e-323
177 175 2.97462666e-310
178 175 0
179 175 0
180 175 0
172 176 5.4347221e-323
173 176 -2.27270197e-322
174 176 -6.30427764e-321
175 176 -5.4347221e-323
176 176 2.27270197e-322
177 176 7.82588725e-310
178 176 0
179 176 0
180 176 0
172 177 -2.97462666e-310
173 177 -7.82588725e-310
174 177 2.60971564e-310
175 177 2.97462666e-310
176 177 7.82588725e-310
177 177 0
178 177 0
179 177 0
180 177 0
175 178 0
176 178 0
177 178 0
178 178 0
179 178 0
180 178 0
181 178 0
182 178 0
183 178 0
175 179 0
176 179 0
177 179 0
178 179 0
179 179 0
180 179 0
181 179 0
182 179 0
183 179 0
175 180 0
176 180 0
177 180 0
178 180 0
179 180 0
180 180 0
181 180 0
182 180 0
183 180 0
178 181 0
179 181 0
180 181 0
181 181 0
182 181 0
183 181 0
184 181 0
185 181 0
186 181 0
178 182 0
179 182 0
180 182 0
181 182 0
182 182 0
183 182 0
184 182 0
185 182 0
186 182 0
178 183 0
179 183 0
180 183 0
181 183 0
182 183 0
183 183 0
184 183 0
185 183 0
186 183 0
181 184 0
182 184 0
183 184 0
184 184 0
185 184 0
186 184 0
187 184 0
188 184 0
189 184 0
181 185 0
182 185 0
183 185 0
184 185 0
185 185 0
186 185 0
187 185 0
188 185 0
189 185 0
181 186 0
182 186 0
183 186 0
184 186 0
185 186 0
186 186 0
187 186 0
188 186 0
189 186 0
184 187 0
185 187 0
186 187 0
187 187 0
188 187 0
189 187 0
190 187 0
191 187 0
192 187 0
184 188 0
185 188 0
186 188 0
187 188 0
188 188 0
189 188 0
190 188 0
191 188 0
192 188 0
184 189 0
185 189 0
186 189 0
187 189 0
188 189 0
189 189 0
190 189 0
191 189 0
192 189 0
187 190 0
188 190 0
189 190 0
190 190 0
191 190 0
192 190 0
193 190 0
194 190 0
195 190 0
187 191 0
188 191 0
189 191 0
190 191 0
191 191 0
192 191 0
193 191 0
194 191 0
195 191 0
187 192 0
188 192 0
189 192 0
190 192 0
191 192 0
192 192 0
193 192 0
194 192 0
195 192 0
190 193 0
191 193 0
192 193 0
193 193 0
194 193 0
195 193 0
196 193 0
197 193 0
198 193 0
190 194 0
191 194 0
192 194 0
193 194 0
194 194 0
195 194 0
196 194 0
197 194 0
198 194 0
190 195 0
191 195 0
192 195 0
193 195 0
194 195 0
195 195 0
196 195 0
197 195 0
198 195 0
193 196 0
194 196 0
195 196 0
196 196 0
197 196 0
198 196 0
199 196 0
200 196 0
201 196 0
193 197 0
194 197 0
195 197 0
196 197 0
197 197 0
198 197 0
199 197 0
200 197 0
201 197 0
193 198 0
194 198 0
195 198 0
196 198 0
197 198 0
198 198 0
199 198 0
200 198 0
201 198 0
196 199 0
197 199 0
198 199 0
199 199 0
200 199 0
201 199 0
202 199 0
203 199 0
204 199 0
196 200 0
197 200 0
198 200 0
199 200 0
200 200 0
201 200 0
202 200 0
203 200 0
204 200 0
196 201 0
197 201 0
198 201 0
199 201 0
200 201 0
201 201 0
202 201 0
203 201 0
204 201 0
199 202 0
200 202 0
201 202 0
202 202 0
203 202 0
204 202 0
205 202 0
206 202 0
207 202 0
199 203 0
200 203 0
201 203 0
202 203 0
203 203 0
204 203 0
205 203 0
206 203 0
207 203 0
199 204 0
200 204 0
201 204 0
202 204 0
203 204 0
204 204 0
205 204 0
206 204 0
207 204 0
202 205 0
203 205 0
204 205 0
205 205 0
206 205 0
207 205 0
208 205 0
209 205 0
210 205 0
202 206 0
203 206 0
204 206 0
205 206 0
206 206 0
207 206 0
208 206 0
209 206 0
210 206 0
202 207 0
203 207 0
204 207 0
205 207 0
206 207 0
207 207 0
208 207 0
209 207 0
210 207 0
205 208 0
206 208 0
207 208 0
208 208 0
209 208 0
210 208 0
211 208 0
212 208 0
213 208 0
205 209 0
206 209 0
207 209 0
208 209 0
209 209 0
210 209 0
211 209 0
212 209 0
213 209 0
205 210 0
206 210 0
207 210 0
208 210 0
209 210 0
210 210 0
211 210 0
212 210 0
213 210 0
208 211 0
209 211 0
210 211 0
211 211 0
212 211 0
213 211 0
214 211 0
215 211 0
216 211 0
208 212 0
209 212 0
210 212 0
211 212 0
212 212 0
213 212 0
214 212 0
215 212 0
216 212 0
208 213 0
209 213 0
210 213 0
211 213 0
212 213 0
213 213 0
214 213 0
215 213 0
216 213 0
211 214 0
212 214 0
213 214 0
214 214 0
215 214 0
216 214 0
217 214 0
218 214 0
219 214 0
211 215 0
212 215 0
213 215 0
214 215 0
215 215 0
216 215 0
217 215 0
218 215 0
219 215 0
211 216 0
212 216 0
213 216 0
214 216 0
215 216 0
216 216 0
217 216 0
218 216 0
219 216 0
214 217 0
215 217 0
216 217 0
217 217 0
218 217 0
219 217 0
220 217 0
221 217 0
222 217 0
214 218 0
215 218 0
216 218 0
217 218 0
218 218 0
219 218 0
220 218 0
221 218 0
222 218 0
214 219 0
215 219 0
216 219 0
217 219 0
218 219 0
219 219 0
220 219 0
221 219 0
222 219 0
217 220 0
218 220 0
219 220 0
220 220 0
221 220 0
222 220 0
223 220 0
224 220 0
225 220 0
217 221 0
218 221 0
219 221 0
220 221 0
221 221 0
222 221 0
223 221 0
224 221 0
225 221 0
217 222 0
218 222 0
219 222 0
220 222 0
221 222 0
222 222 0
223 222 0
224 222 0
225 222 0
220 223 0
221 223 0
222 223 0
223 223 0
224 223 0
225 223 0
226 223 0
227 223 0
228 223 0
220 224 0
221 224 0
222 224 0
223 224 0
224 224 0
225 224 0
226 224 0
227 224 0
228 224 0
220 225 0
221 225 0
222 225 0
223 225 0
224 225 0
225 225 0
226 225 0
227 225 0
228 225 0
223 226 0
224 226 0
225 226 0
226 226 0
227 226 0
228 226 0
229 226 0
230 226 0
231 226 0
223 227 0
224 227 0
225 227 0
226 227 0
227 227 0
228 227 0
229 227 0
230 227 0
231 227 0
223 228 0
224 228 0
225 228 0
226 228 0
227 228 0
228 228 0
229 228 0
230 228 0
231 228 0
226 229 0
227 229 0
228 229 0
229 229 0
230 229 0
231 229 0
232 229 0
233 229 0
234 229 0
226 230 0
227 230 0
228 230 0
229 230 0
230 230 0
231 230 0
232 230 0
233 230 0
234 230 0
226 231 0
227 231 0
228 231 0
229 231 0
230 231 0
231 231 0
232 231 0
233 231 0
234 231 0
229 232 0
230 232 0
231 232 0
232 232 0
233 232 0
234 232 0
235 232 0
236 232 0
237 232 0
229 233 0
230 233 0
231 233 0
232 233 0
233 233 0
234 233 0
235 233 0
236 233 0
237 233 0
229 234 0
230 234 0
231 234 0
232 234 0
233 234 0
234 234 0
235 234 0
236 234 0
237 234 0
232 235 0
233 235 0
234 235 0
235 235 0
236 235 0
237 235 0
238 235 0
239 235 0
240 235 0
232 236 0
233 236 0
234 236 0
235 236 0
236 236 0
237 236 0
238 236 0
239 236 0
240 236 0
232 237 0
233 237 0
234 237 0
235 237 0
236 237 0
237 237 0
238 237 0
239 237 0
240 237 0
235 238 0
236 238 0
237 238 0
238 238 2.71615461e-312
239 238 3.55727265e-322
240 238 4.671864e-310
241 238 0
242 238 0
243 238 0
235 239 0
236 239 0
237 239 0
238 239 3.55727265e-322
239 239 3.26083326e-322
240 239 0
241 239 0
242 239 0
243 239 0
235 240 0
236 240 0
237 240 0
238 240 4.671864e-310
239 240 0
240 240 3.55727265e-321
241 240 0
242 240 0
243 240 0
238 241 0
239 241 0
240 241 0
241 241 0
242 241 0
243 241 0
244 241 0
245 241 0
246 241 0
238 242 0
239 242 0
240 242 0
241 242 0
242 242 0
243 242 0
244 242 0
245 242 0
246 242 0
238 243 0
239 243 0
240 243 0
241 243 0
242 243 0
243 243 0
244 243 0
245 243 0
246 243 0
4 244 -8.10267659e-322
5 244 -5.92878775e-322
6 244 2.81617418e-322
241 244 0
242 244 0
243 244 0
244 244 8.10267659e-322
245 244 3.23790862e-319
246 244 3.23790862e-319
247 244 0
248 244 0
249 244 0
4 245 -3.23790862e-319
5 245 -5.92878775e-322
6 245 -6.43125251e-320
241 245 0
242 245 0
243 245 0
244 245 3.23790862e-319
245 245 5.92878775e-322
246 245 8.74496193e-322
247 245 0
248 245 0
249 245 0
4 246 -3.23790862e-319
5 246 -8.74496193e-322
6 246 -4.67186401e-310
241 246 0
242 246 0
243 246 0
244 246 3.23790862e-319
245 246 8.74496193e-322
246 246 4.671864e-310
247 246 0
248 246 0
249 246 0
244 247 0
245 247 0
246 247 0
247 247 0
248 247 0
249 247 0
250 247 0
251 247 0
252 247 0
244 248 0
245 248 0
246 248 0
247 248 0
248 248 0
249 248 0
250 248 0
251 248 0
252 248 0
244 249 0
245 249 0
246 249 0
247 249 0
248 249 0
249 249 0
250 249 0
251 249 0
252 249 0
10 250 -6.94736464e-310
11 250 0
12 250 -1.38947293e-310
247 250 0
248 250 0
249 250 0
250 250 6.94736464e-310
251 250 0
252 250 3.95252517e-323
253 250 0
254 250 0
255 250 0
10 251 0
11 251 0
12 251 0
247 251 0
248 251 0
249 251 0
250 251 0
251 251 0
252 251 8.25666697e-317
253 251 0
254 251 0
255 251 0
10 252 -3.95252517e-323
11 252 -8.25666697e-317
12 252 -6.78993241e-313
247 252 0
248 252 0
249 252 0
250 252 3.95252517e-323
251 252 8.25666697e-317
252 252 6.79038653e-313
253 252 0
254 252 0
255 252 0
250 253 0
251 253 0
252 253 0
253 253 0
254 253 0
255 253 0
256 253 0
257 253 0
258 253 0
250 254 0
251 254 0
252 254 0
253 254 0
254 254 0
255 254 0
256 254 0
257 254 0
258 254 0
250 255 0
251 255 0
252 255 0
253 255 0
254 255 0
255 255 0
256 255 0
257 255 0
258 255 0
16 256 -2.86558075e-322
17 256 -3.23790862e-319
18 256 -4.67186395e-310
253 256 0
254 256 0
255 256 0
256 256 2.86558075e-322
257 256 0
258 256 4.67186395e-310
259 256 0
260 256 0
261 256 0
16 257 0
17 257 -1.24603356e-320
18 257 -6.82138821e-314
253 257 0
254 257 0
255 257 0
256 257 0
257 257 1.24603356e-320
258 257 6.82138861e-314
259 257 0
260 257 0
261 257 0
16 258 -4.67186395e-310
17 258 -6.82138861e-314
18 258 -9.34372804e-311
253 258 0
254 258 0
255 258 0
256 258 4.67186395e-310
257 258 6.82138861e-314
258 258 3.23790862e-319
259 258 0
260 258 0
261 258 0
256 259 0
257 259 0
258 259 0
259 259 0
260 259 0
261 259 0
262 259 0
263 259 0
264 259 0
256 260 0
257 260 0
258 260 0
259 260 0
260 260 0
261 260 0
262 260 0
263 260 0
264 260 0
256 261 0
257 261 0
258 261 0
259 261 0
260 261 0
261 261 0
262 261 0
263 261 0
264 261 0
22 262 -8.49423786e-312
23 262 6.24198713e-311
24 262 5.35459006e-311
259 262 0
260 262 0
261 262 0
262 262 8.49423786e-312
263 262 -6.24198713e-311
264 262 3.99924621e-310
265 262 0
266 262 0
267 262 0
22 263 6.24198713e-311
23 263 -4.58692163e-310
24 263 -3.93481828e-310
259 263 0
260 263 0
261 263 0
262 263 -6.24198713e-311
263 263 4.58692163e-310
264 263 5.25914977e-310
265 263 0
266 263 0
267 263 0
22 264 -3.99924621e-310
23 264 -5.25914977e-310
24 264 -7.18095784e-310
259 264 0
260 264 0
261 264 0
262 264 3.99924621e-310
263 264 5.25914977e-310
264 264 6.94736464e-310
265 264 0
266 264 0
267 264 0
262 265 0
263 265 0
264 265 0
265 265 -2.87404209e-311
266 265 4.34373272e-310
267 265 2.72710798e-310
268 265 2.87404209e-311
269 265 -4.34373272e-310
270 265 0
262 266 0
263 266 0
264 266 0
265 266 4.34373272e-310
266 266 4.9592682e-310
267 266 3.11355711e-310
268 266 3.28131274e-311
269 266 -4.9592682e-310
270 266 0
262 267 0
263 267 0
264 267 0
265 267 2.72710798e-310
266 267 3.11355711e-310
267 267 2.78464948e-310
268 267 -4.24019628e-310
269 267 -6.67847267e-310
270 267 0
28 268 -6.81811009e-314
29 268 4.24943332e-313
30 268 2.15215326e-314
265 268 2.87404209e-311
266 268 3.28131274e-311
267 268 -4.24019628e-310
268 268 4.00203322e-310
269 268 9.18400386e-310
270 268 5.78230013e-310
271 268 -4.28875562e-310
272 268 -4.84451975e-310
273 268 -4.48015617e-310
28 269 4.24860765e-313
29 269 -2.64797351e-312
30 269 -1.34108348e-313
265 269 -4.34373272e-310
266 269 -4.9592682e-310
267 269 -6.67847267e-310
268 269 9.18400386e-310
269 269 5.36885633e-310
270 269 4.40782863e-310
271 269 -4.84451975e-310
272 269 -3.83108392e-311
273 269 -4.85600938e-310
28 270 5.4347221e-323
29 270 -3.50786609e-322
30 270 -3.70549234e-322
265 270 0
266 270 0
267 270 0
268 270 5.78230013e-310
269 270 4.40782863e-310
270 270 4.54566732e-311
271 270 -5.97022675e-310
272 270 2.6025414e-311
273 270 -1.2830619e-310
268 271 -4.28875562e-310
269 271 -4.84451975e-310
270 271 -5.97022675e-310
271 271 4.29446956e-310
272 271 4.68123442e-310
273 271 8.86178965e-310
274 271 -5.71393923e-313
275 271 1.63285327e-311
276 271 -4.5056209e-310
268 272 -4.84451975e-310
269 272 -3.83108392e-311
270 272 2.6025414e-311
271 272 4.68123442e-310
272 272 5.04925846e-310
273 272 1.32315476e-309
274 272 1.63285327e-311
275 272 -4.66615007e-310
276 272 -4.83239144e-310
268 273 -4.48015617e-310
269 273 -4.85600938e-310
270 273 -1.2830619e-310
271 273 8.86178965e-310
272 273 1.32315476e-309
273 273 1.05772939e-309
274 273 2.87372685e-311
275 273 -8.21215294e-310
276 273 -4.34156152e-310
34 274 -2.07458165e-320
35 274 3.02862241e-321
36 274 -4.60420662e-310
271 274 -5.71393923e-313
272 274 1.63285327e-311
273 274 2.87372685e-311
274 274 5.71393943e-313
275 274 -1.63285327e-311
276 274 4.5056209e-310
277 274 0
278 274 0
279 274 -1.13635099e-322
34 275 3.41893427e-321
35 275 -1.38338381e-321
36 275 7.9220873e-311
271 275 1.63285327e-311
272 275 -4.66615007e-310
273 275 -8.21215294e-310
274 275 -1.63285327e-311
275 275 4.66615007e-310
276 275 4.83239144e-310
277 275 0
278 275 0
279 275 -9.4860604e-322
34 276 -5.49055152e-320
35 276 -3.19102179e-319
36 276 -8.15405942e-320
271 276 -4.5056209e-310
272 276 -4.83239144e-310
273 276 -4.34156152e-310
274 276 4.5056209e-310
275 276 4.83239144e-310
276 276 4.67186401e-310
277 276 0
278 276 0
279 276 -4.67186401e-310
274 277 0
275 277 0
276 277 0
277 277 0
278 277 0
279 277 6.4228534e-322
280 277 0
281 277 0
282 277 -5.28650241e-322
274 278 0
275 278 0
276 278 0
277 278 0
278 278 0
279 278 5.82503396e-321
280 278 0
281 278 0
282 278 -4.87642792e-321
274 279 -1.13635099e-322
275 279 -9.4860604e-322
276 279 -4.67186401e-310
277 279 6.4228534e-322
278 279 5.82503396e-321
279 279 1.16192809e-309
280 279 -1.18575755e-322
281 279 1.48219694e-323
282 279 -6.94741691e-310
40 280 -4.84905932e-310
41 280 -4.71148841e-310
42 280 -7.78386989e-310
277 280 0
278 280 0
279 280 -1.18575755e-322
280 280 8.56806731e-310
281 280 1.00474633e-309
282 280 4.19158935e-310
283 280 -3.71900799e-310
284 280 -5.33597492e-310
285 280 -6.91691904e-323
40 281 -4.71148842e-310
41 281 -6.77016933e-310
42 281 -3.91442019e-310
277 281 0
278 281 0
279 281 1.48219694e-323
280 281 1.00474633e-309
281 281 7.72302534e-310
282 281 7.48500731e-311
283 281 -6.64110907e-311
284 281 -9.52856017e-311
285 281 -9.88131292e-324
40 282 0
41 282 0
42 282 -4.671864e-310
277 282 -5.28650241e-322
278 282 -4.87642792e-321
279 282 -6.94741691e-310
280 282 4.19158935e-310
281 282 7.48500731e-311
282 282 1.50716929e-309
283 282 -6.05969423e-310
284 282 -2.91689452e-310
285 282 -2.47032823e-323
280 283 -3.71900799e-310
281 283 -6.64110907e-311
282 283 -6.05969423e-310
283 283 1.06235513e-309
284 283 5.64517746e-310
285 283 -1.32122576e-310
286 283 -6.90454335e-310
287 283 -3.0920254e-311
288 283 1.13264698e-317
280 284 -5.33597492e-310
281 284 -9.52856017e-311
282 284 -2.91689452e-310
283 284 5.64517746e-310
284 284 5.66754131e-310
285 284 1.40284727e-310
286 284 -3.0920254e-311
287 284 -4.71468529e-310
288 284 -8.17861003e-317
280 285 -6.91691904e-323
281 285 -9.88131292e-324
282 285 -2.47032823e-323
283 285 -1.32122576e-310
284 285 1.40284727e-310
285 285 7.1431813e-311
286 285 1.32122564e-310
287 285 -1.40284645e-310
288 285 -6.79066415e-313
46 286 -5.20214552e-94
47 286 -5.63697561e-93
48 286 -3.67960385e-93
283 286 -6.90454335e-310
284 286 -3.0920254e-311
285 286 1.32122564e-310
286 286 5.20214552e-94
287 286 5.63697561e-93
288 286 4.16377063e-310
289 286 -4.2772834e-310
290 286 1.29809578e-310
291 286 -4.94065646e-324
46 287 -5.63697561e-93
47 287 -6.1081517e-92
48 287 -3.98716973e-92
283 287 -3.0920254e-311
284 287 -4.71468529e-310
285 287 -1.40284645e-310
286 287 5.63697561e-93
287 287 6.1081517e-92
288 287 -2.76704385e-311
289 287 1.2980966e-310
290 287 -4.01370991e-311
291 287 -9.88131292e-324
46 288 -4.65209569e-310
47 288 4.29323816e-311
48 288 -9.34372801e-311
283 288 1.13264698e-317
284 288 -8.17861003e-317
285 288 -6.79066415e-313
286 288 4.16377063e-310
287 288 -2.76704385e-311
288 288 6.16017316e-92
289 288 4.88325443e-311
290 288 -1.52618668e-311
291 288 -6.16017316e-92
286 289 -4.2772834e-310
287 289 1.2980966e-310
288 289 4.88325443e-311
289 289 8.9491474e-310
290 289 -1.29809578e-310
291 289 8.7682882e-311
292 289 -4.671864e-310
293 289 -4.68374232e-320
294 289 0
286 290 1.29809578e-310
287 290 -4.01370991e-311
288 290 -1.52618668e-311
289 290 -1.29809578e-310
290 290 5.073235e-310
291 290 2.44910833e-310
292 290 -3.98760383e-320
293 290 -4.671864e-310
294 290 0
286 291 -4.94065646e-324
287 291 -9.88131292e-324
288 291 -6.16017316e-92
289 291 8.7682882e-311
290 291 2.44910833e-310
291 291 6.16017316e-92
292 291 -2.20989403e-310
293 291 -9.26743209e-310
294 291 -6.94736464e-310
52 292 -3.84783266e-319
53 292 1.06876281e-319
54 292 -8.04882344e-320
289 292 -4.671864e-310
290 292 -3.98760383e-320
291 292 -2.20989403e-310
292 292 4.67186401e-310
293 292 2.63169007e-319
294 292 6.58904828e-313
295 292 0
296 292 -9.88131292e-324
297 292 -6.58904516e-313
52 293 -2.16321702e-319
53 293 6.00882638e-320
54 293 -4.52514725e-320
289 293 -4.68374232e-320
290 293 -4.671864e-310
291 293 -9.26743209e-310
292 293 2.63169007e-319
293 293 4.671864e-310
294 293 -1.64129096e-313
295 293 -9.88131292e-324
296 293 -3.95252517e-323
297 293 1.64129009e-313
52 294 -3.12056803e-319
53 294 8.63873782e-320
54 294 -4.67186401e-310
289 294 0
290 294 0
291 294 -6.94736464e-310
292 294 6.58904828e-313
293 294 -1.64129096e-313
294 294 1.09651095e-309
295 294 -4.53333902e-310
296 294 1.12922566e-310
297 294 9.49359435e-314
292 295 0
293 295 -9.88131292e-324
294 295 -4.53333902e-310
295 295 6.0674284e-92
296 295 -7.50148108e-93
297 295 2.04463326e-93
298 295 -6.0674284e-92
299 295 7.50148108e-93
300 295 -5.48901715e-310
292 296 -9.88131292e-324
293 296 -3.95252517e-323
294 296 1.12922566e-310
295 296 -7.50148108e-93
296 296 9.2744759e-94
297 296 -2.52788771e-94
298 296 7.50148108e-93
299 296 -9.2744759e-94
300 296 -6.32167745e-310
292 297 -6.58904516e-313
293 297 1.64129009e-313
294 297 9.49359435e-314
295 297 2.04463326e-93
296 297 -2.52788771e-94
297 297 6.8901104e-95
298 297 -2.04463326e-93
299 297 2.52788771e-94
300 297 -3.7634605e-310
58 298 -7.91581322e-310
59 298 8.1442607e-311
60 298 -7.18714706e-310
295 298 -6.0674284e-92
296 298 7.50148108e-93
297 298 -2.04463326e-93
298 298 6.0674284e-92
299 298 -7.50148108e-93
300 298 5.49563489e-310
301 298 0
302 298 -9.88131292e-324
303 298 -6.61754097e-313
58 299 -3.85743793e-310
59 299 -3.70341542e-310
60 299 -3.7349728e-310
295 299 7.50148108e-93
296 299 -9.2744759e-94
297 299 2.52788771e-94
298 299 -7.50148108e-93
299 299 9.2744759e-94
300 299 6.32015591e-310
301 299 -9.88131292e-324
302 299 -3.95252517e-323
303 299 1.52233396e-313
58 300 -2.01052851e-317
59 300 -8.00814108e-317
60 300 -6.79117091e-313
295 300 -5.48901715e-310
296 300 -6.32167745e-310
297 300 -3.7634605e-310
298 300 5.49563489e-310
299 300 6.32015591e-310
300 300 4.67759023e-310
301 300 -1.85105943e-317
302 300 -8.04649985e-317
303 300 1.06458675e-313
298 301 0
299 301 -9.88131292e-324
300 301 -1.85105943e-317
301 301 4.671864e-310
302 301 5.87938119e-322
303 301 1.73575667e-310
304 301 -4.671864e-310
305 301 -5.78056806e-322
306 301 -3.19398618e-319
298 302 -9.88131292e-324
299 302 -3.95252517e-323
300 302 -8.04649985e-317
301 302 5.87938119e-322
302 302 4.671864e-310
303 302 4.64751166e-311
304 302 -1.82804289e-322
305 302 -4.671864e-310
306 302 5.31664041e-320
298 303 -6.61754097e-313
299 303 1.52233396e-313
300 303 1.06458675e-313
301 303 1.73575667e-310
302 303 4.64751166e-311
303 303 6.86521077e-311
304 303 -1.72913913e-310
305 303 -4.66273501e-311
306 303 -1.12908822e-319
64 304 -1.64988331e-317
65 304 -7.91264758e-317
66 304 -6.64817747e-313
301 304 -4.671864e-310
302 304 -1.82804289e-322
303 304 -1.72913913e-310
304 304 4.81834536e-310
305 304 4.80968655e-310
306 304 9.12070817e-310
307 304 -1.46481193e-311
308 304 -4.80968658e-310
309 304 -6.94414492e-310
64 305 3.43986289e-318
65 305 1.64987985e-317
66 305 1.38621712e-313
301 305 -5.78056806e-322
302 305 -4.671864e-310
303 305 -4.66273501e-311
304 305 4.80968655e-310
305 305 9.19724665e-310
306 305 1.83641807e-310
307 305 -1.37822589e-311
308 305 -4.52538281e-310
309 305 2.11487088e-311
64 306 -6.63974821e-320
65 306 -3.16908527e-319
66 306 -4.67186401e-310
301 306 -3.19398618e-319
302 306 5.31664041e-320
303 306 -1.12908822e-319
304 306 9.12070817e-310
305 306 1.83641807e-310
306 306 1.09027711e-309
307 306 -4.86060727e-310
308 306 -6.12622968e-310
309 306 -3.90792362e-310
304 307 -1.46481193e-311
305 307 -1.37822589e-311
306 307 -4.86060727e-310
307 307 1.46481054e-311
308 307 4.80968656e-310
309 307 6.94414489e-310
310 307 1.39158431e-317
311 307 2.41535849e-318
312 307 5.51476074e-320
304 308 -4.80968658e-310
305 308 -4.52538281e-310
306 308 -6.12622968e-310
307 308 4.80968656e-310
308 308 4.52538295e-310
309 308 -2.11486939e-311
310 308 -8.01505998e-317
311 308 -1.39158876e-317
312 308 -3.19062653e-319
304 309 -6.94414492e-310
305 309 2.11487088e-311
306 309 -3.90792362e-310
307 309 6.94414489e-310
308 309 -2.11486939e-311
309 309 9.34858749e-310
310 309 -2.67615409e-312
311 309 -4.64634333e-313
312 309 -4.67186401e-310
70 310 -5.60188111e-94
71 310 5.84762746e-93
72 310 4.76897768e-93
307 310 1.39158431e-317
308 310 -8.01505998e-317
309 310 -2.67615409e-312
310 310 5.60188111e-94
311 310 -5.84762746e-93
312 310 -8.56250976e-311
313 310 -4.38805914e-310
314 310 -1.11595364e-310
315 310 -5.73116149e-322
70 311 5.84762746e-93
71 311 -6.10415434e-92
72 311 -4.97818577e-92
307 311 2.41535849e-318
308 311 -1.39158876e-317
309 311 -4.64634333e-313
310 311 -5.84762746e-93
311 311 6.10415434e-92
312 311 -2.17758319e-311
313 311 -1.11595364e-310
314 311 -2.83804866e-311
315 311 -1.48219694e-322
70 312 -5.87938119e-322
71 312 -5.4347221e-323
72 312 -3.24215758e-319
307 312 5.51476074e-320
308 312 -3.19062653e-319
309 312 -4.67186401e-310
310 312 -8.56250976e-311
311 312 -2.17758319e-311
312 312 4.83894602e-310
313 312 8.56250976e-311
314 312 2.17758319e-311
315 312 -3.23677227e-319
310 313 -4.38805914e-310
311 313 -1.11595364e-310
312 313 8.56250976e-311
313 313 6.88505544e-310
314 313 2.07959963e-310
315 313 4.10483207e-310
316 313 -2.4969963e-310
317 313 -9.6364599e-311
318 313 -4.35855271e-310
310 314 -1.11595364e-310
311 314 -2.83804866e-311
312 314 2.17758319e-311
313 314 2.07959963e-310
314 314 2.45867257e-310
315 314 1.10943564e-310
316 314 -5.63550999e-310
317 314 -2.1748677e-310
318 314 -1.6820617e-310
310 315 -5.73116149e-322
311 315 -1.48219694e-322
312 315 -3.23677227e-319
313 315 4.10483207e-310
314 315 1.10943564e-310
315 315 -1.23035668e-310
316 315 -7.75002536e-310
317 315 -2.99090586e-310
318 315 4.42874005e-311
76 316 -2.91429866e-310
77 316 -5.58841546e-310
78 316 -1.28336931e-309
313 316 -2.4969963e-310
314 316 -5.63550999e-310
315 316 -7.75002536e-310
316 316 6.91401897e-310
317 316 -3.0208181e-311
318 316 8.0633288e-310
319 316 -1.50272401e-310
320 316 2.18227926e-310
321 316 -2.79048277e-320
76 317 -9.16551456e-311
77 317 -1.75756534e-310
78 317 -4.03621642e-310
313 317 -9.6364599e-311
314 317 -2.1748677e-310
315 317 -2.99090586e-310
316 317 -3.0208181e-311
317 317 7.10157304e-310
318 317 4.17557456e-310
319 317 2.18227926e-310
320 317 -3.16914e-310
321 317 -1.96934566e-320
76 318 -4.45665368e-310
77 318 -1.4016245e-310
78 318 -2.80014186e-310
313 318 -4.35855271e-310
314 318 -1.6820617e-310
315 318 4.42874005e-311
316 318 8.0633288e-310
317 318 4.17557456e-310
318 318 5.04806076e-310
319 318 7.51877585e-311
320 318 -1.09188836e-310
321 318 -4.671864e-310
316 319 -1.50272401e-310
317 319 2.18227926e-310
318 319 7.51877585e-311
319 319 1.52498227e-310
320 319 -2.15556396e-310
321 319 -5.96857968e-311
322 319 -2.22582598e-312
323 319 -2.67152986e-312
324 319 5.98823907e-311
316 320 2.18227926e-310
317 320 -3.16914e-310
318 320 -1.09188836e-310
319 320 -2.15556396e-310
320 320 3.20120483e-310
321 320 6.58218e-310
322 320 -2.67153019e-312
323 320 -3.20648356e-312
324 320 -6.57982039e-310
316 321 -2.79048277e-320
317 321 -1.96934566e-320
318 321 -4.671864e-310
319 321 -5.96857968e-311
320 321 6.58218e-310
321 321 1.15906282e-309
322 321 -1.96593952e-313
323 321 -2.35960571e-313
324 321 -6.91859059e-310
82 322 -1.30799988e-310
83 322 2.09760194e-310
84 322 1.56293834e-310
319 322 -2.22582598e-312
320 322 -2.67153019e-312
321 322 -1.96593952e-313
322 322 1.33025814e-310
323 322 -2.07088663e-310
324 322 -5.95172296e-311
325 322 -2.96439388e-323
326 322 1.97626258e-323
327 322 -3.65160997e-313
82 323 2.09760193e-310
83 323 -3.36386413e-310
84 323 -2.50643943e-310
319 323 -2.67152986e-312
320 323 -3.20648356e-312
321 323 -2.35960571e-313
322 323 -2.07088663e-310
323 323 3.39592896e-310
324 323 6.58554534e-310
325 323 1.48219694e-323
326 323 -9.88131292e-324
327 323 -5.72495361e-313
82 324 -3.8225859e-320
83 324 -2.43030891e-320
84 324 -4.67186401e-310
319 324 5.98823907e-311
320 324 -6.57982039e-310
321 324 -6.91859059e-310
322 324 -5.95172296e-311
323 324 6.58554534e-310
324 324 9.53585945e-310
325 324 -2.51234895e-310
326 324 -3.93883435e-310
327 324 -2.78850466e-314
322 325 -2.96439388e-323
323 325 1.48219694e-323
324 325 -2.51234895e-310
325 325 4.671864e-310
326 325 -4.00193173e-322
327 325 -1.93979959e-310
328 325 -4.671864e-310
329 325 3.80430547e-322
330 325 1.34771227e-319
322 326 1.97626258e-323
323 326 -9.88131292e-324
324 326 -3.93883435e-310
325 326 -4.00193173e-322
326 326 4.671864e-310
327 326 8.61988225e-311
328 326 7.8062372e-322
329 326 -4.671864e-310
330 326 2.94408778e-319
322 327 -3.65160997e-313
323 327 -5.72495361e-313
324 327 -2.78850466e-314
325 327 -1.93979959e-310
326 327 8.61988225e-311
327 327 9.65393978e-311
328 327 1.9434512e-310
329 327 -8.56263273e-311
330 327 -2.09977899e-321
88 328 -2.98069804e-320
89 328 2.51133568e-320
90 328 1.00147106e-320
325 328 -4.671864e-310
326 328 7.8062372e-322
327 328 1.9434512e-310
328 328 7.37021263e-310
329 328 -9.47634787e-311
330 328 -3.03210758e-310
331 328 -2.69834862e-310
332 328 9.47634783e-311
333 328 2.30201638e-310
88 329 3.48904218e-319
89 329 -2.93993763e-319
90 329 -1.19534242e-319
325 329 3.80430547e-322
326 329 -4.671864e-310
327 329 -8.56263273e-311
328 329 -9.47634787e-311
329 329 6.64537939e-310
330 329 -1.0446365e-309
331 329 5.61949878e-310
332 329 -1.97351538e-310
333 329 6.554891e-310
88 330 -5.62333954e-311
89 330 6.58303934e-310
90 330 -2.46363223e-311
325 330 1.34771227e-319
326 330 2.94408778e-319
327 330 -2.09977899e-321
328 330 -3.03210758e-310
329 330 -1.0446365e-309
330 330 3.91565869e-310
331 330 -1.05380233e-310
332 330 5.32167705e-310
333 330 -2.92974662e-311
328 331 -2.69834862e-310
329 331 5.61949878e-310
330 331 -1.05380233e-310
331 331 2.69834842e-310
332 331 -9.47635554e-311
333 331 -2.30201637e-310
334 331 2.0618975e-317
335 331 7.70488804e-317
336 331 -3.12708969e-319
328 332 9.47634783e-311
329 332 -1.97351538e-310
330 332 5.32167705e-310
331 332 -9.47635554e-311
332 332 1.97351559e-310
333 332 -6.554891e-310
334 332 -5.51707297e-318
335 332 -2.06190195e-317
336 332 8.39812785e-320
328 333 2.30201638e-310
329 333 6.554891e-310
330 333 -2.92974662e-311
331 333 -2.30201637e-310
332 333 -6.554891e-310
333 333 4.67190549e-310
334 333 1.75527251e-313
335 333 6.55915405e-313
336 333 -4.671864e-310
94 334 5.72838555e-311
95 334 -3.90188554e-310
96 334 7.13450674e-311
331 334 2.0618975e-317
332 334 -5.51707297e-318
333 334 1.75527251e-313
334 334 -5.14583906e-311
335 334 -2.51553604e-311
336 334 -1.41522083e-312
337 334 -5.82548557e-312
338 334 -5.18425631e-311
339 334 6.4228534e-323
94 335 7.69978465e-311
95 335 -5.24470256e-310
96 335 9.58983018e-311
331 335 7.70488804e-317
332 335 -2.06190195e-317
333 335 6.55915405e-313
334 335 -2.51553604e-311
335 335 9.85831192e-310
336 335 -1.01889269e-311
337 335 -5.18425631e-311
338 335 -4.61360915e-310
339 335 5.87938119e-322
94 336 3.37216011e-313
95 336 5.95469093e-313
96 336 2.87581746e-313
331 336 -3.12708969e-319
332 336 8.39812785e-320
333 336 -4.671864e-310
334 336 -1.41522083e-312
335 336 -1.01889269e-311
336 336 4.67385885e-310
337 336 1.07800485e-312
338 336 9.59345805e-312
339 336 -3.23800743e-319
334 337 -5.82548557e-312
335 337 -5.18425631e-311
336 337 1.07800485e-312
337 337 5.41049064e-310
338 337 -4.05215904e-310
339 337 6.87854916e-313
340 337 -5.35223578e-310
341 337 4.57058467e-310
342 337 -6.87868636e-311
334 338 -5.18425631e-311
335 338 -4.61360915e-310
336 338 9.59345805e-312
337 338 -4.05215904e-310
338 338 8.60510137e-310
339 338 -5.1193236e-310
340 338 -1.01279331e-311
341 338 -3.99149223e-310
342 338 4.62094687e-310
334 339 6.4228534e-323
335 339 5.87938119e-322
336 339 -3.23800743e-319
337 339 6.87854916e-313
338 339 -5.1193236e-310
339 339 5.22021329e-312
340 339 -4.40666872e-310
341 339 5.61276672e-310
342 339 -3.92678527e-311
100 340 -4.67186401e-310
101 340 4.94065646e-322
102 340 1.24666125e-310
337 340 -5.35223578e-310
338 340 -1.01279331e-311
339 340 -4.40666872e-310
340 340 1.40192116e-309
341 340 -2.92629126e-310
342 340 -1.04298394e-310
343 340 -3.99511177e-310
344 340 -1.64429341e-310
345 340 -2.25096308e-320
100 341 1.08694442e-322
101 341 -4.67186401e-310
102 341 -9.7683827e-311
337 341 4.57058467e-310
338 341 -3.99149223e-310
339 341 5.61276672e-310
340 341 -2.92629126e-310
341 341 9.34010846e-310
342 341 -5.33332481e-310
343 341 -1.64429341e-310
344 341 -6.76752233e-311
345 341 5.36555291e-320
100 342 2.73613555e-320
101 342 3.22634748e-319
102 342 5.98264091e-320
337 342 -6.87868636e-311
338 342 4.62094687e-310
339 342 -3.92678527e-311
340 342 -1.04298394e-310
341 342 -5.33332481e-310
342 342 5.42174306e-310
343 342 1.73085257e-310
344 342 7.12377936e-311
345 342 -4.671864e-310
340 343 -3.99511177e-310
341 343 -1.64429341e-310
342 343 1.73085257e-310
343 343 3.99511177e-310
344 343 1.64429341e-310
345 343 6.51291603e-310
346 343 -3.68306176e-319
347 343 6.28352688e-320
348 343 -6.51291603e-310
340 344 -1.64429341e-310
341 344 -6.76752233e-311
342 344 7.12377936e-311
343 344 1.64429341e-310
344 344 6.76752233e-311
345 344 -1.1111036e-310
346 344 -2.60960533e-319
347 344 4.45202553e-320
348 344 1.1111036e-310
340 345 -2.25096308e-320
341 345 5.36555291e-320
342 345 -4.671864e-310
343 345 6.51291603e-310
344 345 -1.1111036e-310
345 345 7.40743027e-310
346 345 2.78835829e-319
347 345 -4.77712073e-320
348 345 -2.73556626e-310
106 346 -5.6186432e-310
107 346 2.70601825e-310
108 346 -6.19756894e-310
343 346 -3.68306176e-319
344 346 -2.60960533e-319
345 346 2.78835829e-319
346 346 5.6186432e-310
347 346 1.96584574e-310
348 346 8.81171804e-310
349 346 -2.47032823e-323
350 346 -1.97626258e-323
351 346 -4.4435362e-313
106 347 -1.96584574e-310
107 347 9.46779188e-311
108 347 2.78116484e-310
343 347 6.28352688e-320
344 347 4.45202553e-320
345 347 -4.77712073e-320
346 347 1.96584574e-310
347 347 -9.46779188e-311
348 347 -7.67381359e-310
349 347 -1.97626258e-323
350 347 -1.48219694e-323
351 347 5.13462124e-313
106 348 -2.29435847e-310
107 348 6.55757536e-310
108 348 -3.31826169e-310
343 348 -6.51291603e-310
344 348 1.1111036e-310
345 348 -2.73556626e-310
346 348 8.81171804e-310
347 348 -7.67381359e-310
348 348 4.52495619e-310
349 348 -3.05720462e-310
350 348 3.53267791e-310
351 348 2.13214599e-314
346 349 -2.47032823e-323
347 349 -1.97626258e-323
348 349 -3.05720462e-310
349 349 4.671864e-310
350 349 8.20148972e-322
351 349 -1.06540132e-310
352 349 -4.671864e-310
353 349 -8.00386346e-322
354 349 -2.40071438e-319
346 350 -1.97626258e-323
347 350 -1.48219694e-323
348 350 3.53267791e-310
349 350 8.20148972e-322
350 350 4.671864e-310
351 350 -7.24296253e-311
352 350 -4.10074486e-322
353 350 -4.671864e-310
354 350 2.17270308e-319
346 351 -4.4435362e-313
347 351 5.13462124e-313
348 351 2.13214599e-314
349 351 -1.06540132e-310
350 351 -7.24296253e-311
351 351 3.556956e-311
352 351 1.06984486e-310
353 351 7.1916163e-311
354 351 2.15313808e-320
112 352 -6.19025333e-310
113 352 1.02067209e-309
114 352 -9.41774217e-310
349 352 -4.671864e-310
350 352 -4.10074486e-322
351 352 1.06984486e-310
352 352 1.30655161e-309
353 352 6.86588174e-310
354 352 -5.82758471e-310
355 352 -2.20339873e-310
356 352 -3.11156876e-310
357 352 3.81271898e-310
112 353 -3.75431299e-310
113 353 6.19025333e-310
114 353 -5.70380578e-310
349 353 -8.00386346e-322
350 353 -4.671864e-310
351 353 7.1916163e-311
352 353 6.86588174e-310
353 353 -3.72178806e-310
354 353 4.1266942e-310
355 353 1.56029525e-310
356 353 2.20339873e-310
357 353 -2.69990503e-310
112 354 -2.77032489e-319
113 354 -1.6761177e-319
114 354 -4.671864e-310
349 354 -2.40071438e-319
350 354 2.17270308e-319
351 354 2.15313808e-320
352 354 -5.82758471e-310
353 354 4.1266942e-310
354 354 7.78621147e-310
355 354 3.45673124e-310
356 354 -3.20261947e-310
357 354 -4.05586963e-310
352 355 -2.20339873e-310
353 355 1.56029525e-310
354 355 3.45673124e-310
355 355 2.20339873e-310
356 355 3.11156876e-310
357 355 -3.81271898e-310
352 356 -3.11156876e-310
353 356 2.20339873e-310
354 356 -3.20261947e-310
355 356 3.11156876e-310
356 356 -2.20339873e-310
357 356 2.69990503e-310
352 357 3.81271898e-310
353 357 -2.69990503e-310
354 357 -4.05586963e-310
355 357 -3.81271898e-310
356 357 2.69990503e-310
357 357 4.671864e-310
